CHANGELOG.md
  h_9f4a25732fa0c1 42-43
README.md
  h_9f4a25732fa0c1 136-137
benchmark/results/imazen-tiff-conformance.json
  h_9f4a25732fa0c1 3,5,233-234,391-392,417,435,453,471,489,507,525,543,561,579,597,615,633,651,669,687,705,723,741,759,777,795,813,831,849,867,885,903,921,939,957,975,993,1011,1029,1047,1065,1083,1101,1119,1137,1155,1173,1191,1209,1227,1245,1263,1281,1299,1317,1335,1353,1371,1389,1407,1425,1443,1461,1479,1497,1515,1533,1551,1569,1587,1605,1623,1641,1659,1677,1695,1713,1731,1749,1767,1785,1803,1821,1839,1853-1857,1875,1893,1911,1929,1947,1965,1983,2001,2019,2037,2055,2073,2091,2109,2127,2145,2163,2181,2199,2217,2235,2253,2271,2289,2307,2325,2343,2361,2379,2397,2415,2433,2451,2469,2487,2505,2523,2541,2559,2577,2595,2613,2631,2649,2667,2685,2703,2721,2739,2757,2775,2793,2811,2829,2847,2865,2883,2901,2919,2937,2955,2973,2991,3009,3027,3045,3063,3081,3099,3117,3135,3153,3171
benchmark/results/imazen-tiff-conformance.md
  h_9f4a25732fa0c1 9-10,37,56,64,71
benchmark/results/imazen-tiff-dependencies.json
  h_9f4a25732fa0c1 3,5,13,32-33,48,60,70,80
benchmark/results/imazen-tiff-dependencies.md
  h_9f4a25732fa0c1 5-6,13-16,24
browser-tests/compatibility-harness.ts
  h_9f4a25732fa0c1 810-821,843-866,1439,1442
browser-tests/compatibility.pw.ts
  h_9f4a25732fa0c1 94
capabilities/manifest.json
  h_9f4a25732fa0c1 817-820,824,833,898-899,904,915-916,960
docs/api.html
  h_9f4a25732fa0c1 76
docs/capabilities.json
  h_9f4a25732fa0c1 1609-1612,1615,1623,1811-1814,1817,1955-1958
docs/codecs.html
  h_9f4a25732fa0c1 36,56,75,93
src/codecs/tiff.ts
  h_9f4a25732fa0c1 25,50,1078,1088,2552-2556
tests/generated/capability-expectations.json
  h_9f4a25732fa0c1 84,92
tests/tiff.test.ts
  h_9f4a25732fa0c1 217-233,1210-1248
tiff-codec-support.md
  h_9f4a25732fa0c1 61-62,67,78-79,123
---
{
  "schema_version": "authorship/3.0.0",
  "git_ai_version": "1.6.21",
  "base_commit_sha": "38d2fa92ffaee7447661a872976ac080fa0e241b",
  "prompts": {},
  "humans": {
    "h_9f4a25732fa0c1": {
      "author": "aaron decker <aaron@ard.ninja>"
    }
  }
}