CHANGELOG.md
  h_9f4a25732fa0c1 9-16
README.md
  h_9f4a25732fa0c1 67-69,71,274-276,278
benchmark/README.md
  h_9f4a25732fa0c1 383-388
benchmark/generated/package-metrics.json
  h_9f4a25732fa0c1 179,508,511,514,523,526,529,778,781,784,793,796,799,853,856,859,868,871,874,883,886,889,1108,1111,1114,1123,1126,1129,1138,1141,1144,1153,1156,1159,1168,1171,1174,1183,1186,1189,1198,1201,1204,1213,1216,1219,1228,1231,1234,1243,1246,1249,1258,1261,1264,1273,1276,1279,1288,1291,1294,1303,1306,1309,1318,1321,1324,1333,1336,1339,1349,1352,1355,1380,1383,1386,1395,1398,1401,1425,1428,1431
benchmark/optimization-log.md
  h_9f4a25732fa0c1 10-23,366-417
benchmark/run.ts
  h_9f4a25732fa0c1 560-579
docs-astro/src/data/documentation-data.json
  h_9f4a25732fa0c1 97-99,102-104,107-109,112-114,117,122-124
docs-astro/src/data/package-metrics.json
  h_9f4a25732fa0c1 179,508,511,514,523,526,529,778,781,784,793,796,799,853,856,859,868,871,874,883,886,889,1108,1111,1114,1123,1126,1129,1138,1141,1144,1153,1156,1159,1168,1171,1174,1183,1186,1189,1198,1201,1204,1213,1216,1219,1228,1231,1234,1243,1246,1249,1258,1261,1264,1273,1276,1279,1288,1291,1294,1303,1306,1309,1318,1321,1324,1333,1336,1339,1349,1352,1355,1380,1383,1386,1395,1398,1401,1425,1428,1431
src/codecs/jpeg-baseline.ts
  h_9f4a25732fa0c1 1490-1556
src/codecs/png.ts
  h_9f4a25732fa0c1 1263-1288,1293,1334-1420
src/executor.ts
  h_9f4a25732fa0c1 424-430
tests/pipeline.test.ts
  h_9f4a25732fa0c1 142-192
---
{
  "schema_version": "authorship/3.0.0",
  "git_ai_version": "1.6.22",
  "base_commit_sha": "bc2a7a02f44c31bd4891af129bc55dea528c41bd",
  "prompts": {},
  "humans": {
    "h_9f4a25732fa0c1": {
      "author": "aaron decker <aaron@ard.ninja>"
    }
  }
}