CHANGELOG.md
  h_9f4a25732fa0c1 9-13
README.md
  h_9f4a25732fa0c1 67-70,274-277
benchmark/generated/package-metrics.json
  h_9f4a25732fa0c1 179,508,511,514,523,526,529,1123,1126,1129,1138,1141,1144,1153,1156,1159,1168,1171,1174,1183,1186,1189,1198,1201,1204,1213,1216,1219,1228,1231,1234,1243,1246,1249,1258,1261,1264,1273,1276,1279,1288,1291,1294,1303,1306,1309,1318,1321,1324,1333,1336,1339,1349,1352,1355,1380,1383,1386,1395,1398,1401,1425,1428,1431
benchmark/optimization-log.md
  h_9f4a25732fa0c1 10-36
docs-astro/src/data/documentation-data.json
  h_9f4a25732fa0c1 102-104,107-109,112-114,117,122-124
docs-astro/src/data/package-metrics.json
  h_9f4a25732fa0c1 179,508,511,514,523,526,529,1123,1126,1129,1138,1141,1144,1153,1156,1159,1168,1171,1174,1183,1186,1189,1198,1201,1204,1213,1216,1219,1228,1231,1234,1243,1246,1249,1258,1261,1264,1273,1276,1279,1288,1291,1294,1303,1306,1309,1318,1321,1324,1333,1336,1339,1349,1352,1355,1380,1383,1386,1395,1398,1401,1425,1428,1431
src/executor.ts
  h_9f4a25732fa0c1 51-65,74,76-80,82-83,294-302,311,315-316
tests/pipeline.test.ts
  h_9f4a25732fa0c1 1-3,37-46,55-81
---
{
  "schema_version": "authorship/3.0.0",
  "git_ai_version": "1.6.22",
  "base_commit_sha": "c3a96539f425ee864015fbd30234173166bfc0c0",
  "prompts": {},
  "humans": {
    "h_9f4a25732fa0c1": {
      "author": "aaron decker <aaron@ard.ninja>"
    }
  }
}